0.000000000000000000e+00
0.000000000000000000e+00
0.000000000000000000e+00
0.000000000000000000e+00
0.000000000000000000e+00
0.000000000000000000e+00
0.000000000000000000e+00
0.000000000000000000e+00
0.000000000000000000e+00
0.000000000000000000e+00
2.321802309091015593e-01
5.999999999999999778e-01
3.090427764393301469e-01
-6.864413025775250622e-03
-9.930101301163496430e-02
-7.392910939265780190e-02
-3.489139560686444624e-02
2.195034429752567295e-01
8.283497309414962206e-01
9.080373491710027611e-01
3.019424934945998951e-01
-1.061654260374102210e-01
-1.732301224042927523e-01
-1.088205049995222551e-01
-4.756818354070927596e-02
-1.650728790145018429e-02
-4.835927235932754517e-03
-1.241297187282388312e-03
-2.358699189549874782e-04
0.000000000000000000e+00
0.000000000000000000e+00
0.000000000000000000e+00
2.321802309091015593e-01
5.999999999999999778e-01
3.090427764393301469e-01
-6.864413025775250622e-03
-9.930101301163496430e-02
-7.392910939265780190e-02
-3.489139560686444624e-02
-1.267678793384482971e-02
2.283497309414962151e-01
8.311748036407741180e-01
9.088069065203752128e-01
3.021783634135549179e-01
-1.061654260374102210e-01
5.895010850480880693e-02
4.911794950004777505e-01
2.614745928986208501e-01
2.088085299818761287e-01
4.958630597524322781e-01
2.338723698593899725e-01
-4.199167855159468415e-02
-1.119778009454797940e-01
1.544206215488383993e-01
5.641031771248081750e-01
2.961301185865303220e-01
2.214853179157209584e-01
7.318737906291391537e-01
8.348777971277173693e-01
2.672869678066904786e-01
-1.188422139712550507e-01
-1.770606223718981242e-01
-1.098259322678496464e-01
-4.780405345966426411e-02
-1.650728790145018429e-02
2.273443036731687961e-01
5.987587028127175914e-01
3.088069065203751795e-01
-6.864413025775250622e-03
1.328792178974665950e-01
5.260708906073421343e-01
5.063316117415672668e-01
5.804587990403798914e-01
2.059112634600898106e-01
-8.179894968676046374e-02
-1.344282785374543987e-01
-8.660589732650263162e-02
1.934583353346317480e-01
5.863177847978277013e-01
3.049764065527698076e-01
-7.869840294102651429e-03
-9.953688293058994552e-02
1.582511215164437712e-01
7.972888353022370422e-01
8.963659885054853227e-01
5.305280943550511052e-01
4.928291466942623655e-01
1.355767841160823994e-01
1.164953128838040475e-01
4.531308034476557722e-01
2.186063791452221572e-01
-4.659173586857245225e-02
-1.132190981327621804e-01
-7.799547927921814117e-02
-3.589682287519184445e-02
-1.291265785279981787e-02
-3.830499967605353710e-03
2.311748036407741680e-01
5.997641300810450105e-01
3.090427764393301469e-01
-6.864413025775250622e-03
-9.930101301163496430e-02
-7.392910939265780190e-02
-3.489139560686444624e-02
-1.267678793384482971e-02
2.283497309414962151e-01
5.989945727316725588e-01
3.088069065203751795e-01
2.253158178833263026e-01
7.328792178974665728e-01
8.351136670466723366e-01
2.672869678066904786e-01
-1.188422139712550507e-01
-1.770606223718981242e-01
-1.098259322678496464e-01
-4.780405345966426411e-02
-1.650728790145018429e-02
-4.835927235932754517e-03
2.309389337218191729e-01
5.997641300810450105e-01
3.090427764393301469e-01
-6.864413025775250622e-03
-9.930101301163496430e-02
-7.392910939265780190e-02
-3.489139560686444624e-02
-1.267678793384482971e-02
-3.830499967605353710e-03
-1.005427268327400807e-03
-2.358699189549874782e-04
0.000000000000000000e+00
0.000000000000000000e+00
0.000000000000000000e+00
0.000000000000000000e+00
0.000000000000000000e+00
0.000000000000000000e+00
0.000000000000000000e+00
0.000000000000000000e+00
0.000000000000000000e+00
0.000000000000000000e+00
0.000000000000000000e+00
0.000000000000000000e+00
0.000000000000000000e+00
0.000000000000000000e+00
0.000000000000000000e+00
